92,2
93,2
91,2
199,2
89,2
90,2
261,4
247,3
261,3
86,2
162,4
162,2
162,3
14,16
161,4
161,2
161,3
83,2
57,2
53,2
150,2
246,4
246,3
148,8
148,7
148,6
148,2
69,7
69,6
69,5
69,4
69,3
149,2
142,5
142,3
142,4
143,3
143,4
123,3
155,4
183,3
105,3
0,477
0,302
147,4
147,2
146,11
146,10
146,8
146,7
146,6
146,5
146,4
146,2
253,5
154,5
154,4
154,2
0,400
336,3
336,2
336,1
336,0
0,7
14,34
14,3
13,3
335,3
335,2
335,1
335,0
0,399
0,474
0,211
0,210
0,209
0,391
0,0
160,3
158,3
140,3
136,3
0,389
0,387
0,384
0,395
0,552
0,549
0,547
0,553
0,544
165,10
165,9
165,8
165,4
166,6
166,5
165,7
165,6
165,5
156,3
147,6
41,2
333,4
333,3
333,2
333,1
333,0
101,2
99,3
150,4
98,4
147,3
334,6
334,5
334,4
334,3
334,2
334,1
334,0
0,278
0,468
332,3
332,2
332,1
332,0
331,3
331,2
331,1
331,0
40,2
330,3
330,2
330,1
330,0
329,3
329,2
0,10
0,479
329,1
329,0
328,3
328,2
0,9
328,1
328,0
232,2
327,3
327,2
327,1
327,0
326,6
326,5
0,11
326,4
326,3
326,2
326,1
326,0
322,5
322,4
322,3
322,2
322,1
322,0
324,3
324,2
324,1
324,0
147,5
146,9
0,4
325,4
325,3
325,2
325,1
325,0
323,3
323,2
0,510
323,1
323,0
193,2
38,2
0,551
0,504
0,501
0,498
154,3
251,2
250,2
14,20
0,495
248,2
152,4
152,3
14,7
255,2
151,4
151,3
254,2
141,4
141,3
148,5
148,4
259,2
131,3
34,2
130,6
130,5
130,4
130,3
146,3
33,2
149,3
150,3
128,8
128,7
128,6
128,5
128,4
128,3
148,3
223,6
223,5
223,4
223,3
124,16
124,15
124,14
124,13
124,12
124,11
124,10
124,9
124,8
124,7
124,6
124,5
124,4
124,3
14,12
14,13
14,14
203,2
107,4
107,3
198,5
198,4
198,3
106,5
106,3
106,6
106,4
109,2
92,4
110,2
91,5
91,4
91,3
77,2
90,3
199,4
199,3
76,2
86,7
86,6
86,5
86,4
86,3
83,3
82,4
82,3
67,6
67,5
67,4
67,3
57,5
57,3
53,5
53,4
53,3
0,492
0,487
122,2
119,2
120,2
65,2
57,4
113,2
114,2
41,13
41,12
41,11
41,10
41,9
41,8
41,7
41,6
41,5
41,4
41,3
14,5
101,6
101,5
101,4
101,3
248,4
248,3
251,5
251,4
251,3
250,3
206,2
115,2
259,4
259,3
255,5
255,4
255,3
34,4
34,3
104,2
110,3
203,4
203,3
109,3
121,2
117,5
118,2
117,1
117,4
117,0
75,2
321,3
321,2
321,1
321,0
14,33
320,3
320,2
320,1
320,0
0,484
0,475
132,3
93,3
90,4
0,548
0,473
0,534
319,4
319,3
319,2
319,1
319,0
0,470
318,3
318,2
318,1
318,0
317,3
317,2
317,1
317,0
316,3
316,2
316,1
316,0
315,5
315,4
315,3
315,2
0,319
0,314
315,1
315,0
65,6
65,5
65,4
65,3
116,11
116,7
116,10
63,9
122,3
119,3
120,4
120,3
189,1
189,7
189,2
189,0
0,545
314,3
314,2
314,1
314,0
313,3
313,2
313,1
313,0
14,32
312,3
312,2
0,304
312,1
312,0
0,543
0,283
0,423
105,5
105,4
0,541
108,4
108,3
108,2
108,1
108,0
206,4
206,3
0,476
310,4
310,3
310,2
310,1
310,0
311,6
311,5
311,4
0,469
0,467
311,3
311,2
311,1
311,0
309,3
309,2
0,392
309,1
309,0
308,3
308,2
308,1
308,0
89,3
307,3
307,2
307,1
307,0
306,3
306,2
306,1
306,0
305,3
305,2
0,390
0,243
305,1
305,0
254,3
304,3
304,2
304,1
304,0
303,6
303,5
303,4
303,3
303,2
303,1
303,0
299,5
299,4
299,3
299,2
299,1
299,0
301,3
301,2
301,1
301,0
92,3
250,4
0,385
14,19
302,4
302,3
302,2
302,1
302,0
300,3
300,2
300,1
300,0
121,3
298,3
298,2
298,1
298,0
297,3
297,2
297,1
297,0
296,4
296,3
296,2
296,1
296,0
295,4
295,3
295,2
295,1
295,0
294,3
294,2
294,1
294,0
293,4
293,3
293,2
293,1
293,0
292,3
292,2
292,1
292,0
291,6
291,5
291,4
291,3
291,2
291,1
291,0
290,3
290,2
290,1
290,0
289,3
289,2
289,1
289,0
288,3
288,2
288,1
288,0
287,3
287,2
287,1
287,0
118,3
0,542
286,3
286,2
286,1
